55
55
55
57
57
56
55
55
57
63
74
92
115
134
145
147
148
149
149
149
148
147
146
143
140
134
121
105
93
93
99
105
110
115
120
124
126
128
131
133
136
136
137
137
137
137
138
138
138
139
139
138
137
135
132
120
99
83
76
74
66
59
60
61
59
54
51
50
50
51
55
60
62
58
52
51
58
59
58
57
61
64
66
64
64
61
65
66
65
65
65
67
69
67
64
58
57
60
67
74
74
80
95
102
91
67
58
61
63
60
57
57
60
62
73
84
92
79
64
53
60
67
72
68
68
68
80
91
96
85
71
60
58
72
91
97
90
71
60
52
52
53
52
53
56
62
65
69
69
69
66
63
60
56
53
53
56
61
73
78
73
63
61
70
79
82
82
82
79
72
64
64
68
73
76
76
77
79
80
82
82
84
86
89
91
92
93
94
95
96
97
98
99
99
100
100
101
102
102
102
102
103
104
104
103
104
104
105
104
105
105
104
104
105
105
105
105
106
105
105
105
106
106
106
106
107
107
107
108
108
108
108
108
108
107
107
108
108
109
109
110
110
111
112
112
112
111
110
109
109
110
110
110
110
110
111
